%YAML:1.0
---
R: !!opencv-matrix
   rows: 3
   cols: 3
   dt: d
   data: [ 9.9960753927352997e-01, -4.0208049838716771e-03,
       2.7723646131056823e-02, 4.2369387674287646e-03,
       9.9996105662923496e-01, -7.7416777784238486e-03,
       -2.7691438702231570e-02, 7.8561028650059751e-03,
       9.9958564709102093e-01 ]
T: !!opencv-matrix
   rows: 3
   cols: 1
   dt: d
   data: [ -6.0379254904075395e+01, -5.8750517063840757e-01,
       8.7006100760867411e-01 ]
R1: !!opencv-matrix
   rows: 3
   cols: 3
   dt: d
   data: [ 9.9989666260356003e-01, 5.5950132515443802e-03,
       1.3242354057238505e-02, -5.5426018873216227e-03,
       9.9997667445077454e-01, -3.9912552772567471e-03,
       -1.3264376298223626e-02, 3.9174457347376504e-03,
       9.9990435039574366e-01 ]
R2: !!opencv-matrix
   rows: 3
   cols: 3
   dt: d
   data: [ 9.9984887231361796e-01, 9.7287782579374722e-03,
       -1.4407755092103092e-02, -9.6717899790707221e-03,
       9.9994514733586415e-01, 4.0198007484831049e-03,
       1.4446072538475161e-02, -3.8798444639755502e-03,
       9.9988812263930216e-01 ]
P1: !!opencv-matrix
   rows: 3
   cols: 4
   dt: d
   data: [ 6.3975356833395801e+02, 0., 6.5985239028930664e+02, 0., 0.,
       6.3975356833395801e+02, 4.7516954994201660e+02, 0., 0., 0., 1.,
       0. ]
P2: !!opencv-matrix
   rows: 3
   cols: 4
   dt: d
   data: [ 6.3975356833395801e+02, 0., 6.5985239028930664e+02,
       -3.8633682397264973e+04, 0., 6.3975356833395801e+02,
       4.7516954994201660e+02, 0., 0., 0., 1., 0. ]
Q: !!opencv-matrix
   rows: 4
   cols: 4
   dt: d
   data: [ 1., 0., 0., -6.5985239028930664e+02, 0., 1., 0.,
       -4.7516954994201660e+02, 0., 0., 0., 6.3975356833395801e+02, 0.,
       0., 1.6559476825311600e-02, 0. ]
