%YAML:1.0
---
M1: !!opencv-matrix
   rows: 3
   cols: 3
   dt: d
   data: [ 7.1301439063456439e+02, 0., 5.8387857630581857e+02, 0.,
       7.1416257715873451e+02, 4.5219819869616020e+02, 0., 0., 1. ]
D1: !!opencv-matrix
   rows: 1
   cols: 14
   dt: d
   data: [ 1.1703559610693559e-01, -1.9503300293794040e-01, 0., 0., 0.,
       0., 0., -1.1590358566222192e-01, 0., 0., 0., 0., 0., 0. ]
M2: !!opencv-matrix
   rows: 3
   cols: 3
   dt: d
   data: [ 7.1301439063456439e+02, 0., 5.8703446127168991e+02, 0.,
       7.1416257715873451e+02, 4.5982958268109513e+02, 0., 0., 1. ]
D2: !!opencv-matrix
   rows: 1
   cols: 14
   dt: d
   data: [ 1.3929252183149354e-01, -3.1711336739362489e-01, 0., 0., 0.,
       0., 0., -2.8671765424767426e-01, 0., 0., 0., 0., 0., 0. ]
