%YAML:1.0
---
R: !!opencv-matrix
   rows: 3
   cols: 3
   dt: d
   data: [ 9.9963785886633960e-01, -2.5295958343655284e-03,
       2.6790898940400563e-02, 2.7482296200968073e-03,
       9.9996319826963720e-01, -8.1270745236754795e-03,
       -2.6769354775100909e-02, 8.1977589177111704e-03,
       9.9960802237359614e-01 ]
T: !!opencv-matrix
   rows: 3
   cols: 1
   dt: d
   data: [ -6.1474113925738074e+01, 7.5376160124491587e-01,
       1.6195328614712388e+00 ]
R1: !!opencv-matrix
   rows: 3
   cols: 3
   dt: d
   data: [ 9.9988733581660438e-01, -1.5000229621891079e-02,
       5.5568414003279339e-04, 1.5002279553126992e-02,
       9.9987989457639792e-01, -3.8894768415564784e-03,
       -4.9727435362139499e-04, 3.8973751656362909e-03,
       9.9999228156273057e-01 ]
R2: !!opencv-matrix
   rows: 3
   cols: 3
   dt: d
   data: [ 9.9957806727928367e-01, -1.2256273680852190e-02,
       -2.6333840769471040e-02, 1.2363352013422854e-02,
       9.9991593704330883e-01, 3.9072207249540754e-03,
       2.6283739102418394e-02, -4.2311466839815622e-03,
       9.9964556841739394e-01 ]
P1: !!opencv-matrix
   rows: 3
   cols: 4
   dt: d
   data: [ 6.8736251983548095e+02, 0., 6.0151229858398438e+02, 0., 0.,
       6.8736251983548095e+02, 4.4256468963623047e+02, 0., 0., 0., 1.,
       0. ]
P2: !!opencv-matrix
   rows: 3
   cols: 4
   dt: d
   data: [ 6.8736251983548095e+02, 0., 6.0151229858398438e+02,
       -4.2272838146260197e+04, 0., 6.8736251983548095e+02,
       4.4256468963623047e+02, 0., 0., 0., 1., 0. ]
Q: !!opencv-matrix
   rows: 4
   cols: 4
   dt: d
   data: [ 1., 0., 0., -6.0151229858398438e+02, 0., 1., 0.,
       -4.4256468963623047e+02, 0., 0., 0., 6.8736251983548095e+02, 0.,
       0., 1.6260145993918569e-02, 0. ]
