%YAML:1.0
---
M1: !!opencv-matrix
   rows: 3
   cols: 3
   dt: d
   data: [ 7.3480591085520882e+02, 0., 5.7957777958327893e+02, 0.,
       7.3653067517952320e+02, 4.4095354042746612e+02, 0., 0., 1. ]
D1: !!opencv-matrix
   rows: 1
   cols: 14
   dt: d
   data: [ 7.9624678456167705e-02, -9.5224152435854595e-02, 0., 0., 0.,
       0., 0., -1.7432777287528140e-02, 0., 0., 0., 0., 0., 0. ]
M2: !!opencv-matrix
   rows: 3
   cols: 3
   dt: d
   data: [ 7.3480591085520882e+02, 0., 5.8818719654327344e+02, 0.,
       7.3653067517952320e+02, 4.4284978318612394e+02, 0., 0., 1. ]
D2: !!opencv-matrix
   rows: 1
   cols: 14
   dt: d
   data: [ 9.0847488015530733e-02, -1.4732690287177860e-01, 0., 0., 0.,
       0., 0., -1.1374151489012385e-01, 0., 0., 0., 0., 0., 0. ]
